{
    "01.png": {
        "focal_length": [
            3707.8212890625,
            3707.8212890625
        ],
        "image_center": [
            1223.9998779296875,
            1024.0
        ],
        "translation": [
            0.10532061755657196,
            -0.09254034608602524,
            3.821077585220337
        ],
        "rotation": [
            [
                0.6499500274658203,
                -0.7592765092849731,
                -0.032622165977954865
            ],
            [
                0.2757813632488251,
                0.1956380307674408,
                0.9411006569862366
            ],
            [
                -0.7081734538078308,
                -0.6206649541854858,
                0.3365492522716522
            ]
        ],
        "camera_pos": [
            2.663053512573242,
            2.4696807861328125,
            -1.1954551935195923
        ]
    },
    "02.png": {
        "focal_length": [
            3707.821533203125,
            3707.8212890625
        ],
        "image_center": [
            1224.0,
            1024.0
        ],
        "translation": [
            0.10360203683376312,
            -0.09294770658016205,
            3.824740171432495
        ],
        "rotation": [
            [
                0.7686730623245239,
                -0.6368151903152466,
                -0.06006748601794243
            ],
            [
                0.2486867606639862,
                0.2110123336315155,
                0.9453193545341492
            ],
            [
                -0.5893187522888184,
                -0.741579532623291,
                0.3205670118331909
            ]
        ],
        "camera_pos": [
            2.19746994972229,
            2.9219374656677246,
            -1.1319971084594727
        ]
    },
    "03.png": {
        "focal_length": [
            3707.8212890625,
            3707.8212890625
        ],
        "image_center": [
            1224.0,
            1024.0
        ],
        "translation": [
            0.1000869944691658,
            -0.09375385195016861,
            3.8284249305725098
        ],
        "rotation": [
            [
                0.8655689358711243,
                -0.4935750663280487,
                -0.08469999581575394
            ],
            [
                0.21971426904201508,
                0.222299262881279,
                0.9498993158340454
            ],
            [
                -0.45001786947250366,
                -0.8408131003379822,
                0.30086082220077515
            ]
        ],
        "camera_pos": [
            1.6568264961242676,
            3.289231777191162,
            -1.0542889833450317
        ]
    },
    "04.png": {
        "focal_length": [
            3707.8212890625,
            3707.8212890625
        ],
        "image_center": [
            1223.9998779296875,
            1024.0
        ],
        "translation": [
            0.09613662958145142,
            -0.09424368292093277,
            3.8316614627838135
        ],
        "rotation": [
            [
                0.9361202716827393,
                -0.33557209372520447,
                -0.10521495342254639
            ],
            [
                0.1890457570552826,
                0.22788706421852112,
                0.9551592469215393
            ],
            [
                -0.29654765129089355,
                -0.914034366607666,
                0.27676817774772644
            ]
        ],
        "camera_pos": [
            1.0640912055969238,
            3.5560081005096436,
            -0.9603492617607117
        ]
    },
    "05.png": {
        "focal_length": [
            3707.8212890625,
            3707.8212890625
        ],
        "image_center": [
            1224.0,
            1024.0
        ],
        "translation": [
            0.09164758771657944,
            -0.09435959905385971,
            3.83415150642395
        ],
        "rotation": [
            [
                0.9784497618675232,
                -0.16736328601837158,
                -0.12093628197908401
            ],
            [
                0.15771357715129852,
                0.22771182656288147,
                0.9608713388442993
            ],
            [
                -0.13327597081661224,
                -0.9592376351356506,
                0.24920004606246948
            ]
        ],
        "camera_pos": [
            0.43620947003364563,
            3.7146875858306885,
            -0.8537197709083557
        ]
    },
    "06.png": {
        "focal_length": [
            3707.8212890625,
            3707.8212890625
        ],
        "image_center": [
            1224.0,
            1024.0
        ],
        "translation": [
            0.0870647206902504,
            -0.0941966250538826,
            3.835282325744629
        ],
        "rotation": [
            [
                0.9912806153297424,
                0.005196995101869106,
                -0.13166525959968567
            ],
            [
                0.12723734974861145,
                0.22201025485992432,
                0.9667068123817444
            ],
            [
                0.0342550091445446,
                -0.9750304818153381,
                0.21941320598125458
            ]
        ],
        "camera_pos": [
            -0.20569786429405212,
            3.759977340698242,
            -0.7389876842498779
        ]
    },
    "07.png": {
        "focal_length": [
            3707.8212890625,
            3707.8212890625
        ],
        "image_center": [
            1224.0,
            1024.0
        ],
        "translation": [
            0.0822250247001648,
            -0.09426208585500717,
            3.8359248638153076
        ],
        "rotation": [
            [
                0.9744758605957031,
                0.1778949350118637,
                -0.13693121075630188
            ],
            [
                0.09805770963430405,
                0.211397185921669,
                0.9724689722061157
            ],
            [
                0.20194417238235474,
                -0.961074709892273,
                0.1885574907064438
            ]
        ],
        "camera_pos": [
            -0.845525860786438,
            3.6919097900390625,
            -0.6203662157058716
        ]
    },
    "08.png": {
        "focal_length": [
            3707.8212890625,
            3707.821044921875
        ],
        "image_center": [
            1224.0,
            1024.0
        ],
        "translation": [
            0.07721217721700668,
            -0.09422891587018967,
            3.8364572525024414
        ],
        "rotation": [
            [
                0.9285021424293518,
                0.34534478187561035,
                -0.13645802438259125
            ],
            [
                0.07101849466562271,
                0.19554777443408966,
                0.9781193137168884
            ],
            [
                0.36447247862815857,
                -0.9178768992424011,
                0.15704065561294556
            ]
        ],
        "camera_pos": [
            -1.4632827043533325,
            3.5131571292877197,
            -0.4997764527797699
        ]
    },
    "09.png": {
        "focal_length": [
            3707.821044921875,
            3707.8212890625
        ],
        "image_center": [
            1224.0,
            1024.0
        ],
        "translation": [
            0.07223182171583176,
            -0.09417315572500229,
            3.8355867862701416
        ],
        "rotation": [
            [
                0.8545475602149963,
                0.502681314945221,
                -0.13061390817165375
            ],
            [
                0.04704988747835159,
                0.17552439868450165,
                0.9833501577377319
            ],
            [
                0.517237663269043,
                -0.8464648127555847,
                0.12634284794330597
            ]
        ],
        "camera_pos": [
            -2.0412046909332275,
            3.2269093990325928,
            -0.38255926966667175
        ]
    },
    "10.png": {
        "focal_length": [
            3707.8212890625,
            3707.8212890625
        ],
        "image_center": [
            1224.0001220703125,
            1024.0
        ],
        "translation": [
            0.06746011972427368,
            -0.09394742548465729,
            3.8341784477233887
        ],
        "rotation": [
            [
                0.7548416256904602,
                0.6449520587921143,
                -0.11937732249498367
            ],
            [
                0.026822958141565323,
                0.15149790048599243,
                0.9880935549736023
            ],
            [
                0.6553583741188049,
                -0.7490562200546265,
                0.09705740213394165
            ]
        ],
        "camera_pos": [
            -2.5611629486083984,
            2.8427395820617676,
            -0.2712533473968506
        ]
    },
    "11.png": {
        "focal_length": [
            3707.8212890625,
            3707.8212890625
        ],
        "image_center": [
            1223.9998779296875,
            1024.0
        ],
        "translation": [
            0.06315991282463074,
            -0.09381565451622009,
            3.831664562225342
        ],
        "rotation": [
            [
                0.63274085521698,
                0.7674738168716431,
                -0.10306766629219055
            ],
            [
                0.010920883156359196,
                0.12424241751432419,
                0.9921917915344238
            ],
            [
                0.7742866277694702,
                -0.6289258599281311,
                0.07023175805807114
            ]
        ],
        "camera_pos": [
            -3.0057456493377686,
            2.3730151653289795,
            -0.16951167583465576
        ]
    },
    "12.png": {
        "focal_length": [
            3707.8212890625,
            3707.8212890625
        ],
        "image_center": [
            1223.9998779296875,
            1024.0
        ],
        "translation": [
            0.05925684794783592,
            -0.09346092492341995,
            3.8281564712524414
        ],
        "rotation": [
            [
                0.4914030432701111,
                0.8670251369476318,
                -0.08240413665771484
            ],
            [
                0.00010252237552776933,
                0.09455842524766922,
                0.9955192804336548
            ],
            [
                0.8709322810173035,
                -0.4892096519470215,
                0.046377405524253845
            ]
        ],
        "camera_pos": [
            -3.3631744384765625,
            1.8302315473556519,
            -0.07961482554674149
        ]
    },
    "13.png": {
        "focal_length": [
            3707.8212890625,
            3707.8212890625
        ],
        "image_center": [
            1224.0001220703125,
            1024.0
        ],
        "translation": [
            0.05598169565200806,
            -0.09265736490488052,
            3.8240621089935303
        ],
        "rotation": [
            [
                0.3357097804546356,
                0.9401785731315613,
                -0.05799330025911331
            ],
            [
                -0.005359373055398464,
                0.06347168982028961,
                0.9979692697525024
            ],
            [
                0.9419502019882202,
                -0.3347172141075134,
                0.026346834376454353
            ]
        ],
        "camera_pos": [
            -3.621366262435913,
            1.2332277297973633,
            -0.00503616314381361
        ]
    },
    "14.png": {
        "focal_length": [
            3707.8212890625,
            3707.8212890625
        ],
        "image_center": [
            1224.0,
            1024.0
        ],
        "translation": [
            0.053856901824474335,
            -0.09188377857208252,
            3.8195056915283203
        ],
        "rotation": [
            [
                0.1703970581293106,
                0.9849114418029785,
                -0.030238181352615356
            ],
            [
                -0.005303015001118183,
                0.031603116542100906,
                0.9994864463806152
            ],
            [
                0.9853612184524536,
                -0.17014919221401215,
                0.010608077980577946
            ]
        ],
        "camera_pos": [
            -3.77325701713562,
            0.5997453331947327,
            0.0529475100338459
        ]
    },
    "15.png": {
        "focal_length": [
            3707.8212890625,
            3707.8212890625
        ],
        "image_center": [
            1224.0,
            1024.0
        ],
        "translation": [
            0.05254648998379707,
            -0.09138006716966629,
            3.8149564266204834
        ],
        "rotation": [
            [
                2.2769876522943377e-05,
                1.0,
                -8.89109360286966e-05
            ],
            [
                7.253464718814939e-05,
                8.890928438631818e-05,
                1.0
            ],
            [
                1.0,
                -2.2776324840378948e-05,
                -7.253262447193265e-05
            ]
        ],
        "camera_pos": [
            -3.814950942993164,
            -0.052451472729444504,
            0.09166144579648972
        ]
    },
    "16.png": {
        "focal_length": [
            3707.8212890625,
            3707.8212890625
        ],
        "image_center": [
            1224.0,
            1024.0001220703125
        ],
        "translation": [
            0.05234649032354355,
            -0.0917711928486824,
            3.809147596359253
        ],
        "rotation": [
            [
                -0.17022645473480225,
                0.9848939180374146,
                0.031732261180877686
            ],
            [
                0.010882876813411713,
                -0.0303212720900774,
                0.9994809627532959
            ],
            [
                0.9853448867797852,
                0.17048344016075134,
                -0.005556996446102858
            ]
        ],
        "camera_pos": [
            -3.7434144020080566,
            -0.7037349343299866,
            0.11122990399599075
        ]
    },
    "17.png": {
        "focal_length": [
            3707.8212890625,
            3707.8212890625
        ],
        "image_center": [
            1224.0,
            1024.0
        ],
        "translation": [
            0.052356891334056854,
            -0.09040893614292145,
            3.804490327835083
        ],
        "rotation": [
            [
                -0.3359442949295044,
                0.9397444725036621,
                0.06341701745986938
            ],
            [
                0.026518655940890312,
                -0.05786638706922531,
                0.9979720711708069
            ],
            [
                0.9415084719657898,
                0.3369447588920593,
                -0.005480877589434385
            ]
        ],
        "camera_pos": [
            -3.5619733333587646,
            -1.3363368511199951,
            0.10775721818208694
        ]
    },
    "18.png": {
        "focal_length": [
            3707.8212890625,
            3707.8212890625
        ],
        "image_center": [
            1224.0,
            1024.0
        ],
        "translation": [
            0.0542767159640789,
            -0.09205636382102966,
            3.7979533672332764
        ],
        "rotation": [
            [
                -0.4899853467941284,
                0.8665305972099304,
                0.09507419914007187
            ],
            [
                0.046588826924562454,
                -0.0828772634267807,
                0.9954701662063599
            ],
            [
                0.8704848289489746,
                0.492195188999176,
                0.00023800318012945354
            ]
        ],
        "camera_pos": [
            -3.275177001953125,
            -1.923996090888977,
            0.08557512611150742
        ]
    },
    "19.png": {
        "focal_length": [
            3707.8212890625,
            3707.8212890625
        ],
        "image_center": [
            1224.0,
            1024.0
        ],
        "translation": [
            0.05556562542915344,
            -0.0897868350148201,
            3.7939040660858154
        ],
        "rotation": [
            [
                -0.6298803687095642,
                0.766636312007904,
                0.12457709014415741
            ],
            [
                0.07087988406419754,
                -0.10298731178045273,
                0.992154061794281
            ],
            [
                0.7734512090682983,
                0.6337683796882629,
                0.010530595667660236
            ]
        ],
        "camera_pos": [
            -2.893035888671875,
            -2.4563019275665283,
            0.042208120226860046
        ]
    },
    "20.png": {
        "focal_length": [
            3707.8212890625,
            3707.8212890625
        ],
        "image_center": [
            1224.0,
            1024.0
        ],
        "translation": [
            0.058178119361400604,
            -0.08872044086456299,
            3.7896299362182617
        ],
        "rotation": [
            [
                -0.7498235106468201,
                0.6439296007156372,
                0.15205051004886627
            ],
            [
                0.09803592413663864,
                -0.11914359033107758,
                0.9880251884460449
            ],
            [
                0.6543344855308533,
                0.7557509541511536,
                0.026208434253931046
            ]
        ],
        "camera_pos": [
            -2.4273645877838135,
            -2.9120495319366455,
            -0.02050824463367462
        ]
    },
    "21.png": {
        "focal_length": [
            3707.821533203125,
            3707.821533203125
        ],
        "image_center": [
            1224.0001220703125,
            1024.0001220703125
        ],
        "translation": [
            0.06145313009619713,
            -0.08775031566619873,
            3.7857604026794434
        ],
        "rotation": [
            [
                -0.8470782041549683,
                0.5013851523399353,
                0.17627114057540894
            ],
            [
                0.1277066022157669,
                -0.12992754578590393,
                0.9832649230957031
            ],
            [
                0.5158968567848206,
                0.8554131984710693,
                0.04602859169244766
            ]
        ],
        "camera_pos": [
            -1.8898000717163086,
            -3.28060245513916,
            -0.09880384802818298
        ]
    },
    "22.png": {
        "focal_length": [
            3707.8212890625,
            3707.8212890625
        ],
        "image_center": [
            1224.0001220703125,
            1023.9999389648438
        ],
        "translation": [
            0.0653545930981636,
            -0.0869607925415039,
            3.782367706298828
        ],
        "rotation": [
            [
                -0.9183398485183716,
                0.3434821665287018,
                0.19665174186229706
            ],
            [
                0.15881824493408203,
                -0.13530485332012177,
                0.9779925346374512
            ],
            [
                0.362530916929245,
                0.9293614029884338,
                0.06970459967851639
            ]
        ],
        "camera_pos": [
            -1.2973965406417847,
            -3.549400806427002,
            -0.19145353138446808
        ]
    },
    "23.png": {
        "focal_length": [
            3707.8212890625,
            3707.8212890625
        ],
        "image_center": [
            1224.0,
            1024.0
        ],
        "translation": [
            0.06978172063827515,
            -0.08673206716775894,
            3.779700756072998
        ],
        "rotation": [
            [
                -0.9611914157867432,
                0.17590168118476868,
                0.21253158152103424
            ],
            [
                0.19016240537166595,
                -0.13569167256355286,
                0.9723302125930786
            ],
            [
                0.19987328350543976,
                0.9750109314918518,
                0.09697577357292175
            ]
        ],
        "camera_pos": [
            -0.6718944311141968,
            -3.7092933654785156,
            -0.29703807830810547
        ]
    },
    "24.png": {
        "focal_length": [
            3707.8212890625,
            3707.8212890625
        ],
        "image_center": [
            1224.0,
            1024.0
        ],
        "translation": [
            0.07462780177593231,
            -0.08714266121387482,
            3.7774996757507324
        ],
        "rotation": [
            [
                -0.9747191071510315,
                0.0030668943654745817,
                0.2234126478433609
            ],
            [
                0.22109714150428772,
                -0.1309887021780014,
                0.9664150476455688
            ],
            [
                0.03222842514514923,
                0.9913791418075562,
                0.1269991099834442
            ]
        ],
        "camera_pos": [
            -0.029734723269939423,
            -3.756577730178833,
            -0.4121958911418915
        ]
    },
    "25.png": {
        "focal_length": [
            3707.8212890625,
            3707.8212890625
        ],
        "image_center": [
            1224.0,
            1024.0
        ],
        "translation": [
            0.0799059048295021,
            -0.08707410842180252,
            3.7765514850616455
        ],
        "rotation": [
            [
                -0.9585800170898438,
                -0.1694912314414978,
                0.22890405356884003
            ],
            [
                0.25058627128601074,
                -0.11983215808868408,
                0.9606491327285767
            ],
            [
                -0.13539153337478638,
                0.9782192707061768,
                0.1573408842086792
            ]
        ],
        "camera_pos": [
            0.6097289323806763,
            -3.6911866664886475,
            -0.5288491249084473
        ]
    },
    "26.png": {
        "focal_length": [
            3707.8212890625,
            3707.8212890625
        ],
        "image_center": [
            1223.9998779296875,
            1024.0
        ],
        "translation": [
            0.08473404496908188,
            -0.08721128851175308,
            3.7762069702148438
        ],
        "rotation": [
            [
                -0.9130162596702576,
                -0.33773544430732727,
                0.22877071797847748
            ],
            [
                0.27769649028778076,
                -0.10379432141780853,
                0.955045223236084
            ],
            [
                -0.2988075315952301,
                0.9355006814002991,
                0.1885538548231125
            ]
        ],
        "camera_pos": [
            1.2299408912658691,
            -3.513078451156616,
            -0.6481122970581055
        ]
    },
    "27.png": {
        "focal_length": [
            3707.8212890625,
            3707.8212890625
        ],
        "image_center": [
            1223.9998779296875,
            1024.0
        ],
        "translation": [
            0.08961816132068634,
            -0.08792988955974579,
            3.7775535583496094
        ],
        "rotation": [
            [
                -0.8395735621452332,
                -0.4952634274959564,
                0.22322724759578705
            ],
            [
                0.30192771553993225,
                -0.08380376547574997,
                0.9496402144432068
            ],
            [
                -0.4516147971153259,
                0.8646913170814514,
                0.2198931723833084
            ]
        ],
        "camera_pos": [
            1.807788610458374,
            -3.2294020652770996,
            -0.7671617865562439
        ]
    },
    "28.png": {
        "focal_length": [
            3707.8212890625,
            3707.8212890625
        ],
        "image_center": [
            1223.9998779296875,
            1023.9999389648438
        ],
        "translation": [
            0.0945153757929802,
            -0.08868378400802612,
            3.779153347015381
        ],
        "rotation": [
            [
                -0.7406714558601379,
                -0.6374159455299377,
                0.21238335967063904
            ],
            [
                0.3223068118095398,
                -0.05973263084888458,
                0.9447488188743591
            ],
            [
                -0.5895117521286011,
                0.7682011127471924,
                0.24968576431274414
            ]
        ],
        "camera_pos": [
            2.3264434337615967,
            -2.848201274871826,
            -0.8798903226852417
        ]
    },
    "29.png": {
        "focal_length": [
            3707.8212890625,
            3707.8212890625
        ],
        "image_center": [
            1224.0001220703125,
            1024.0
        ],
        "translation": [
            0.09890862554311752,
            -0.08924088627099991,
            3.7818100452423096
        ],
        "rotation": [
            [
                -0.619176983833313,
                -0.7603318095207214,
                0.19625349342823029
            ],
            [
                0.337560772895813,
                -0.03206881880760193,
                0.9407573342323303
            ],
            [
                -0.7089940905570984,
                0.6487427353858948,
                0.27651447057724
            ]
        ],
        "camera_pos": [
            2.7726471424102783,
            -2.381080389022827,
            -0.981182336807251
        ]
    },
    "30.png": {
        "focal_length": [
            3707.8212890625,
            3707.8212890625
        ],
        "image_center": [
            1224.0,
            1024.0
        ],
        "translation": [
            0.10255704820156097,
            -0.08987420797348022,
            3.78585147857666
        ],
        "rotation": [
            [
                -0.4785175323486328,
                -0.8603319525718689,
                0.175641268491745
            ],
            [
                0.347993940114975,
                -0.002160241361707449,
                0.9374942779541016
            ],
            [
                -0.8061769008636475,
                0.5097295641899109,
                0.3004240393638611
            ]
        ],
        "camera_pos": [
            3.1324169635772705,
            -1.8417214155197144,
            -1.0711175203323364
        ]
    },
    "31.png": {
        "focal_length": [
            3707.8212890625,
            3707.8212890625
        ],
        "image_center": [
            1224.0001220703125,
            1024.0
        ],
        "translation": [
            0.10546421259641647,
            -0.0906323567032814,
            3.7904858589172363
        ],
        "rotation": [
            [
                -0.32265374064445496,
                -0.9343666434288025,
                0.1511736810207367
            ],
            [
                0.35356205701828003,
                0.029177624732255936,
                0.934955894947052
            ],
            [
                -0.8780025243759155,
                0.3551163077354431,
                0.32094234228134155
            ]
        ],
        "camera_pos": [
            3.3941287994384766,
            -1.2448766231536865,
            -1.1477335691452026
        ]
    },
    "32.png": {
        "focal_length": [
            3707.8212890625,
            3707.8212890625
        ],
        "image_center": [
            1224.0,
            1023.9999389648438
        ],
        "translation": [
            0.10794486105442047,
            -0.09164293110370636,
            3.7952158451080322
        ],
        "rotation": [
            [
                -0.15702302753925323,
                -0.9798399806022644,
                0.12352077662944794
            ],
            [
                0.3540365993976593,
                0.06091133505105972,
                0.9332458972930908
            ],
            [
                -0.9219554662704468,
                0.19027197360992432,
                0.3373347222805023
            ]
        ],
        "camera_pos": [
            3.548414707183838,
            -0.610772430896759,
            -1.2080661058425903
        ]
    },
    "33.png": {
        "focal_length": [
            3707.8212890625,
            3707.8212890625
        ],
        "image_center": [
            1224.0,
            1024.0
        ],
        "translation": [
            0.10971879214048386,
            -0.09229784458875656,
            3.8001091480255127
        ],
        "rotation": [
            [
                0.013451576232910156,
                -0.9955247640609741,
                0.09353882819414139
            ],
            [
                0.3481653928756714,
                0.09235649555921555,
                0.9328725337982178
            ],
            [
                -0.9373366236686707,
                0.020018376410007477,
                0.34784960746765137
            ]
        ],
        "camera_pos": [
            3.5926403999328613,
            0.041680071502923965,
            -1.2460272312164307
        ]
    },
    "34.png": {
        "focal_length": [
            3707.8212890625,
            3707.8212890625
        ],
        "image_center": [
            1224.0,
            1024.0
        ],
        "translation": [
            0.11062212288379669,
            -0.09302923828363419,
            3.8050971031188965
        ],
        "rotation": [
            [
                0.1839638203382492,
                -0.9809734225273132,
                0.06203613430261612
            ],
            [
                0.3372325003147125,
                0.12227246910333633,
                0.9334471821784973
            ],
            [
                -0.9232721924781799,
                -0.1507999151945114,
                0.35330983996391296
            ]
        ],
        "camera_pos": [
            3.5241622924804688,
            0.6937005519866943,
            -1.2644028663635254
        ]
    },
    "35.png": {
        "focal_length": [
            3707.8212890625,
            3707.8212890625
        ],
        "image_center": [
            1224.0,
            1024.0
        ],
        "translation": [
            0.11073622852563858,
            -0.09436888247728348,
            3.8096859455108643
        ],
        "rotation": [
            [
                0.3487454950809479,
                -0.9367295503616333,
                0.030237194150686264
            ],
            [
                0.3219497501850128,
                0.15003693103790283,
                0.9347926378250122
            ],
            [
                -0.8801845908164978,
                -0.3162698447704315,
                0.3539045453071594
            ]
        ],
        "camera_pos": [
            3.3449902534484863,
            1.3227776288986206,
            -1.2633981704711914
        ]
    }
}